1010103
1010105
1010107
1010108
1010109
1010110
1010124
1010125
1010126
1010127
1010128
1010419
1010420
1010421
1010422
1010424
1010425
1010427
1010428
1010451
1020105
1020106
1020112
1020113
1020115
1020116
1020117
1020118
1020119
1020120
1020121
1020122
1020123
1020124
1020128
1020131
1020132
1020133
1020134
1020135
1020140
1020169
1020171
1020174
1020175
1020176
1020177
1020182
1020201
1020204
1020228
1020239
1020241
1020243
1020245
1020249
1020251
1020253
1020255
1020257
1020259
1020401
1020402
1020443
1020444
1020446
1020447
1020448
1020449
1020450
1020453
1020454
1020455
1020457
1020458
1020459
1020460
1020463
1020464
1020501
1020502
1020503
1020551
1020552
1020553
1020601
1020602
1020603
1020604
1030102
1030113
1030119
1030121
1030122
1030423
1030424
1030425
1030426
1030427
1030428
1030429
1030701
1040102
1040104
1040106
1040112
1040115
1040116
1040117
1040123
1040124
1040125
1040126
1040127
1040129
1040130
1040133
1040135
1040139
1040141
1040144
1040153
1040155
1040157
1040162
1040196
1040231
1040233
1040234
1040271
1040272
1040273
1040274
1040275
1040276
1040277
1040278
1040279
1040280
1040281
1040282
1040283
1040284
1040285
1040289
1040290
1040291
1040401
1040404
1040405
1040406
1040407
1040408
1040409
1040410
1040411
1040412
1040413
1040437
1040438
1040440
1040441
1040442
1040443
1040444
1040445
1040446
1040480
1040481
1040601
1040602
1050106
1050107
1050108
1050109
1050110
1050111
1050112
1050113
1050114
1050115
1050116
1050117
1050120
1050408
1050412
1050413
1050414
1050415
1050416
1050417
1050432
1050439
1060101
1060102
1060103
1060129
1070104
1070105
1070106
1070107
1070108
1070109
1070110
1070111
1070112
1070114
1070414
1070417
1070418
1070419
1070420
1070421
1070422
1070423
1070424
1070426
1070427
1080101
1080103
1080403
1080404
1080405
1080406
1080407
1080408
1080409
1080410
1080411
1080413
1080414
1080415
1080416
1080701
1090415
1090416
1100101
1100102
1100103
1100104
1100105
1100106
1100107
1100111
1100112
1100119
1100120
1100121
1100122
1100125
1100149
1100151
1100159
1100160
1100168
1100601
1100602
1111112
1111114
1111116
1111118
1111119
1111131
1111142
1111143
1111146
1111150
1111151
1111180
1111266
1111427
1111428
1111429
1111430
1111431
1111601
1111602
1112103
1112104
1112105
1112122
1112126
1112137
1112152
1112153
1112154
1112155
1112432
1112433
1112434
1112436
1113123
1113124
1113125
1113126
1113127
1113129
1113131
1113140
1113180
1113229
1113432
1113433
1113434
1113435
1113480
1121105
1121108
1121111
1121117
1121118
1121120
1121124
1121130
1121132
1121138
1121404
1121405
1121406
1121436
1121437
1121438
1121439
1121446
1121448
1121449
1121450
1121451
1121480
1121481
1121601
1121602
1122101
1122102
1122110
1122112
1122113
1122114
1122115
1122116
1122126
1122127
1122128
1122132
1122133
1122134
1122135
1122196
1122400
1122413
1122414
1122415
1122416
1122440
1122441
1122447
1130101
1130102
1130103
1130104
1130105
1130106
1130107
1130109
1130110
1130111
1130112
1130113
1130115
1130118
1130119
1130122
1130124
1130125
1130126
1130127
1130128
1130139
1130181
1130182
1130183
1130184
1130187
1130188
1130206
1130432
1130433
1130434
1130435
1130438
1130439
1130440
1130441
1130442
1130443
1130444
1130445
1130446
1130447
1140102
1140103
1140104
1140105
1140106
1140107
1140108
1140109
1140110
1140111
1140112
1140113
1140114
1140115
1140116
1140117
1140118
1140119
1140120
1140121
1140122
1140125
1140126
1140127
1140129
1140130
1140131
1140133
1140156
1140157
1140165
1140166
1140196
1140197
1140199
1140205
1140216
1140436
1140437
1140438
1140439
1140440
1140441
1140446
1140447
1140449
1140450
1140451
1140452
1140453
1150101
1150102
1150107
1150108
1150109
1150110
1150111
1150112
1150113
1150114
1150115
1150116
1150117
1150118
1150119
1150120
1150122
1150123
1150124
1150125
1150126
1150127
1150128
1150129
1150130
1150131
1150132
1150133
1150134
1150145
1150431
1150432
1150433
1150434
1150435
1150436
1150437
1150438
1160101
1160104
1160105
1160107
1160109
1160111
1160112
1160113
1160115
1160118
1160202
1160206
1160401
1160402
1160403
1160404
1160414
1160415
1171104
1171105
1171107
1171109
1171118
1171120
1171121
1171122
1171124
1171125
1171126
1171127
1171130
1171131
1171134
1171135
1171145
1171150
1171151
1171152
1171153
1171154
1171158
1171180
1171442
1171444
1171445
1172114
1172142
1172143
1172144
1172145
1172146
1172503
1172553
1173101
1173102
1173103
1173104
1173105
1173106
1173107
1173108
1173111
1173112
1173113
1173127
1173132
1173133
1173148
1173210
1173401
1173402
1173403
1173416
1173417
1173423
1173424
1173429
1173430
1173431
1173433
1174101
1174102
1174103
1174112
1174128
1174147
1174149
1174401
1174501
1174502
1174551
1174552
1180103
1180105
1180113
1180115
1180121
1180123
1180124
1180203
1180206
1180214
1180437
1180438
1180439
1180440
1180441
1180442
1180443
1201107
1201108
1201109
1201111
1201112
1201113
1201114
1201115
1201116
1201117
1201118
1201119
1201129
1201130
1201131
1201132
1201133
1201134
1201135
1201136
1201139
1201140
1201229
1201402
1201403
1201429
1201430
1201431
1201432
1201601
1201602
1203401
1203402
1203403
1203404
1203405
1203406
1203407
1203408
1203410
1204101
1204104
1204106
1204107
1204108
1204113
1204114
1204115
1204116
1210101
1210110
1210111
1210112
1210114
1210163
1210164
1220101
1220102
1220103
1220104
1220105
1220106
1220107
1220108
1220109
1220110
1220111
1220112
1220113
1220114
1220115
1220117
1220118
1220119
1220120
1220123
1220124
1220127
1220128
1220129
1220130
1220131
1220134
1220180
1220181
1220182
1220184
1220205
1220207
1220282
1220402
1220403
1220404
1220406
1220407
1220408
1220409
1220410
1220411
1220414
1220415
1220416
1220417
1220418
1220419
1220420
1220421
1220422
1220423
1220424
1220425
1220426
1220427
1220428
1220429
1220430
1220431
1220433
1220434
1220435
1230101
1230102
1230103
1230104
1230109
1230112
1230113
1230114
1230405
1230406
1230407
1230408
1230409
1230410
1232102
1232104
1240101
1240103
1240104
1240105
1240106
1240107
1240108
1240109
1240110
1240112
1240113
1240114
1240115
1240118
1240121
1240122
1240123
1240131
1240132
1240133
1240134
1240180
1240181
1240418
1240419
1250101
1250103
1250104
1250105
1250106
1250107
1250108
1250111
1250112
1250113
1250114
1250115
1250116
1250117
1250118
1250119
1250120
1250133
1250180
1250203
1250425
1250426
1250427
1250428
1250429
1250430
1250431
1250501
1250551
1260102
1260103
1260104
1260105
1260106
1260107
1260108
1260109
1260110
1260111
1260112
1260113
1260114
1260115
1260180
1270102
1270103
1270104
1270105
1270107
1281105
1281107
1281108
1281109
1281110
1281112
1281114
1281115
1281116
1281154
1281155
1281160
1281191
1281192
1282100
1282101
1282102
1282104
1282105
1282106
1282107
1282108
1282113
1282136
1282137
1282139
1282140
1282141
1282142
1282143
1282144
1282145
1282146
1282147
1282148
1282149
1282150
1283130
1283131
1283132
1283133
1283187
1284100
1284101
1284102
1284103
1284104
1284105
1284106
1284108
1284109
1284113
1284115
1284116
1284117
1284118
1284120
1284121
1284122
1284123
1284124
1284125
1284126
1284127
1284128
1284129
1284132
1284133
1284134
1284135
1284136
1284137
1284138
1284139
1284149
1284150
1284151
1284152
1284153
1284154
1284155
1284156
1284157
1284158
1284159
1284167
1284168
1284169
1284170
1284171
1284172
1284174
1284175
1284177
1284178
1284182
1284186
1284188
1284189
1285101
1285102
1285103
1285104
1285158
1285159
1285160
1285161
1285162
1285163
1285164
1285165
1285166
1285183
1285184
1285501
1285551
1286100
1286134
1286135
1286160
1286161
1286179
1286180
1286181
1291100
1291101
1291102
1291103
1291104
1291105
1291106
1291107
1291108
1291109
1291110
1291111
1291112
1291113
1291114
1291115
1291116
1291117
1291118
1291119
1291120
1291121
1291123
1291124
1291125
1291126
1291127
1291128
1291131
1291137
1291138
1291139
1291142
1291144
1291145
1291146
1291147
1291148
1291149
1291150
1291151
1291152
1291153
1291159
1291160
1291161
1291162
1291163
1291164
1291165
1291166
1291167
1291168
1291169
1291170
1291171
1291172
1291173
1291174
1291176
1291180
1291181
1291182
1291183
1291198
1291199
1291219
1291220
1291401
1291402
1291403
1291404
1291501
1291551
1292100
1292101
1292102
1292103
1292104
1292105
1292122
1292123
1292145
1292146
1292149
1293100
1293101
1293102
1293103
1293104
1293105
1293106
1293107
1293108
1293109
1293110
1293111
1293112
1293113
1293114
1293115
1293116
1293117
1293118
1293119
1293120
1293121
1293122
1293123
1293124
1293126
1293127
1293130
1293131
1293132
1293133
1293134
1293135
1293136
1293138
1293139
1293140
1293150
1293151
1293152
1293153
1293155
1293156
1293157
1293158
1293159
1293162
1293163
1293164
1293165
1293168
1293173
1294101
1294102
1294103
1294104
1294105
1294106
1294107
1294108
1294121
1294122
1294124
1294132
1294137
1294139
1294140
1294141
1294142
1294143
1294180
1294191
1294240
1294241
1294242
1294502
1294552
1301101
1301103
1301104
1301106
1301107
1301108
1301109
1301110
1301111
1301112
1301113
1301120
1301121
1301122
1301123
1301124
1301125
1301126
1301127
1301128
1301129
1301135
1301136
1301137
1301140
1301141
1301142
1301144
1301145
1301146
1301147
1301148
1301149
1301158
1301171
1301212
1301213
1301214
1301215
1301299
1301450
1301451
1301452
1301453
1301454
1301455
1301456
1302216
1302217
1302218
1302219
1303100
1303102
1303103
1303104
1303105
1303106
1303107
1303108
1303109
1303110
1303112
1303113
1303114
1303192
1303298
1304100
1304101
1304102
1304127
1304128
1304129
1304130
1304131
1304132
1304133
1304134
1304135
1304136
1304137
1304138
1304140
1304141
1304142
1304143
1304144
1304150
1304157
1304159
1304160
1304161
1304162
1305100
1305101
1305102
1305103
1305151
1305191
1310101
1310102
1310103
1310104
1310105
1310106
1310109
1310110
1310111
1310112
1310113
1310114
1310115
1310116
1310117
1310118
1310119
1310120
1310121
1310123
1310124
1310126
1310127
1310128
1310129
1310130
1310131
1310132
1310133
1310134
1310137
1310139
1310140
1310141
1310142
1310143
1310144
1310145
1310146
1310150
1310198
1310200
1310203
1310205
1310222
1310225
1310299
1320101
1320102
1320103
1320104
1320105
1320107
1320108
1320109
1320111
1320112
1320113
1320115
1320117
1320118
1320119
1320120
1320121
1320122
1320123
1320124
1320125
1320126
1320127
1320128
1320129
1320130
1320131
1320132
1320133
1320134
1320135
1320191
1320205
1320206
1320224
1320225
1320227
1320287
1320288
1320289
1320290
1320292
1320294
1320295
1320297
1320298
1320299
1331100
1331102
1331103
1331104
1331105
1331106
1331107
1331108
1331111
1331112
1331113
1331114
1331117
1331118
1331120
1331121
1331122
1331124
1331125
1331140
1331141
1331145
1331146
1331147
1331156
1331164
1331165
1331166
1331167
1331168
1331169
1331192
1331501
1331551
1332106
1332107
1332108
1332109
1332110
1332111
1332112
1332113
1332114
1332115
1332116
1332117
1332118
1332119
1332120
1332121
1332122
1332123
1332124
1332129
1332138
1332159
1332160
1332161
1332162
1332163
1332170
1332171
1332172
1332173
1333102
1333103
1333133
1333134
1333135
1333136
1333148
1333149
1333150
1333151
1333152
1333153
1333154
1333155
1333176
1333177
1333178
1333179
1333180
1333181
1333182
1333184
1333185
1333237
1333238
1333502
1333552
1334115
1334116
1334123
1334126
1334127
1334128
1334130
1334131
1334132
1334144
1334158
1334166
1334174
1334175
1334183
1334188
1334189
1334190
1334191
1334192
1341103
1341104
1341105
1341108
1341109
1341116
1341117
1341118
1341119
1341120
1341121
1341122
1341123
1341124
1341125
1341126
1341127
1341128
1341129
1341130
1341131
1341132
1341133
1341135
1341136
1341137
1341138
1341139
1341140
1341143
1341144
1342101
1342102
1342110
1342111
1342112
1342113
1342114
1342115
1342116
1342197
1342198
1342299
1351101
1351102
1351103
1351104
1351105
1351106
1351107
1351108
1351109
1351110
1351112
1351113
1351114
1351115
1351116
1351117
1351118
1351119
1351120
1351121
1351122
1351123
1351124
1351125
1351127
1351129
1351130
1351132
1352100
1352119
1352126
1352134
1352135
1352136
1352137
1352138
1352139
1352142
1352143
1352144
1352145
1352146
1352148
1353117
1353120
1353121
1353122
1353123
1354101
1361103
1361104
1361105
1361106
1361107
1361108
1361112
1361114
1361115
1361116
1361117
1361120
1362101
1362105
1362107
1362108
1362112
1362113
1362115
1362116
1362118
1362119
1362125
1362127
1362128
1362129
1362130
1362131
1362132
1362133
1362137
1362138
1362139
1362140
1362141
1362142
1362143
1362144
1362145
1362146
1362147
1362148
1362149
1362150
1362151
1362221
1362223
1363101
1364101
1364102
1364103
1364104
1364105
1364106
1370102
1370103
1370104
1370105
1370106
1370107
1370108
1370109
1370110
1370111
1370112
1370113
1370114
1370115
1370116
1370117
1370118
1370119
1370120
1370121
1370122
1370124
1370125
1370126
1370127
1370128
1370177
1370501
1370551
1381103
1381106
1381107
1381113
1381120
1381121
1381122
1381123
1381124
1381153
1381154
1381155
1381156
1382100
1382101
1382102
1382103
1382104
1382105
1382111
1382112
1382113
1382115
1382116
1382119
1382120
1382122
1382123
1382124
1382126
1382127
1382128
1382129
1382130
1382131
1382132
1382138
1382139
1382140
1382141
1382142
1382143
1382144
1382145
1382146
1382147
1382148
1382158
1382159
1382163
1382164
1382165
1382166
1382167
1382168
1382169
1382170
1382173
1382174
1382175
1382176
1382177
1382178
1382179
1382185
1382186
1382187
1382188
1382501
1382551
1383100
1383101
1383102
1383103
1383104
1383105
1383106
1383107
1383108
1383109
1383110
1383111
1383112
1383113
1383114
1383115
1383116
1383117
1383118
1383119
1383120
1383121
1383122
1383123
1383124
1383125
1383126
1383127
1383128
1383129
1383130
1383131
1383132
1383133
1383134
1383135
1383136
1383138
1383159
1383179
1383180
1383181
1383191
1383192
1384147
1384149
1384151
1384161
1385100
1385101
1385102
1385104
1385148
1385150
1385152
1385160
1385161
1385162
1385163
1385172
1385174
1385178
1385180
1386100
1386101
1391100
1391101
1391102
1391103
1391104
1391105
1391106
1391107
1391108
1391109
1391110
1391111
1391112
1391113
1391114
1391115
1391116
1391117
1391118
1391119
1391120
1391121
1391122
1391123
1391124
1391125
1391134
1391135
1391136
1391137
1391139
1391140
1391141
1391142
1391143
1391187
1391190
1391191
1391192
1391193
1391196
1392100
1392101
1392102
1392103
1392104
1392105
1392106
1392107
1392108
1392136
1392138
1392143
1392144
1392146
1392147
1392148
1392149
1392150
1392151
1392154
1392155
1392157
1392158
1392165
1392180
1392184
1392185
1392188
1392501
1392551
1401101
1401102
1401103
1401104
1401105
1401106
1401107
1401109
1401110
1401111
1401112
1401113
1401114
1401115
1401117
1401119
1401123
1401124
1401127
1401128
1401129
1401130
1401131
1401132
1401133
1401134
1401135
1401136
1401138
1401143
1401145
1401147
1401148
1401149
1401150
1401151
1401152
1401153
1401154
1401155
1401180
1401224
1401225
1401226
1402119
1402120
1402121
1402122
1402125
1402126
1402127
1402128
1402130
1402131
1402144
1402145
1402150
1402151
1402152
1402153
1402154
1402155
1402156
1402157
1402173
1402179
1402181
1402182
1402183
1402299
1403115
1403126
1403127
1403128
1403129
1403130
1403131
1403133
1403134
1403135
1403164
1403166
1403167
1403168
1403169
1403170
1403171
1403172
1403175
1403194
1403195
1403197
1411101
1411102
1411103
1411105
1411106
1411107
1411108
1411109
1411110
1411111
1411112
1411117
1411118
1411119
1411122
1411123
1411124
1411125
1411128
1411130
1411131
1411137
1411174
1411501
1411551
1412100
1412101
1412102
1412118
1412120
1412130
1412132
1412133
1412134
1412197
1412296
1412298
1413112
1413113
1413114
1413115
1413116
1413117
1413118
1413119
1413158
1414135
1414136
1414137
1414138
1414139
1414140
1414141
1414142
1414143
1414144
1414145
1414146
1414147
1414148
1414149
1414152
1414153
1414154
1414155
1414156
1414191
1414192
1420101
1420102
1420103
1420104
1420105
1420106
1420107
1420108
1420109
1420110
1420112
1420113
1420114
1420115
1420116
1420117
1420118
1420119
1420120
1420121
1420122
1420123
1420124
1420125
1420126
1420127
1420132
1420136
1420601
1420602
1431102
1431104
1431105
1431106
1431107
1431108
1431110
1431111
1431113
1431118
1431129
1431130
1431131
1431132
1431133
1431134
1431135
1431136
1431137
1431138
1431139
1431140
1431141
1431142
1431143
1431144
1431145
1431146
1431147
1431148
1431149
1431150
1431151
1431152
1431154
1431180
1431181
1431182
1431183
1431185
1431186
1431187
1431188
1431189
1431601
1431602
1431603
1431604
1432105
1432106
1432107
1432110
1432111
1432112
1432116
1432122
1432123
1432124
1432125
1432126
1432151
1432152
1432154
1432155
1432157
1432158
1432159
1432160
1432161
1432162
1432164
1432178
1432179
1432180
1432181
1433101
1433102
1433103
1433104
1433113
1433118
1433119
1433120
1433121
1433127
1433128
1433156
1433166
1433167
1433168
1433173
1433183
1433189
1433190
1434101
1434102
1434103
1434112
1434114
1434153
1434154
1434165
1434167
1434168
1434169
1434170
1434171
1434172
1434173
1434174
1434176
1434177
1434178
1434179
1434180
1434183
1434184
1434185
1434186
1434190
1440101
1440102
1440103
1440104
1440105
1440106
1440107
1440108
1440109
1451100
1451101
1451102
1451103
1451104
1451105
1451108
1451109
1451110
1451111
1451113
1451114
1451115
1451116
1451118
1451119
1451121
1451122
1451123
1451124
1451125
1451126
1451127
1451128
1451139
1451174
1451175
1451177
1451178
1451179
1451180
1451181
1451182
1451183
1451184
1451186
1451187
1451188
1451190
1451191
1451192
1451193
1452100
1452101
1452102
1452103
1452104
1452105
1452106
1452108
1452109
1452110
1452111
1452112
1452113
1452114
1452119
1452133
1452134
1452137
1452138
1452139
1452140
1452141
1452142
1452143
1452144
1452168
1452169
1452170
1452601
1452602
1453100
1453103
1453104
1453105
1453106
1453107
1453108
1453109
1453110
1453111
1453112
1453113
1453114
1453115
1453116
1453117
1453118
1453119
1453120
1453121
1453122
1453123
1453125
1453126
1453127
1453128
1453129
1453130
1453132
1453134
1453151
1453152
1453154
1453155
1453181
1453182
1453184
1453185
1453186
1453189
1453202
1453214
1453287
1453601
1453602
1454101
1454102
1454106
1454107
1454109
1454110
1454111
1454112
1454113
1454114
1454115
1454116
1454117
1454118
1454119
1454120
1454121
1454123
1454124
1454127
1454128
1454140
1454141
1454143
1454144
1454145
1454146
1454147
1454148
1454149
1454150
1454156
1454157
1454184
1454192
1454601
1454602
1455101
1455102
1455108
1455109
1455110
1455111
1455112
1455113
1455129
1455130
1455131
1455132
1455158
1455159
1455160
1455161
1455162
1455163
1455164
1455165
1455166
1455167
1455171
1455172
1455173
1456107
1456118
1456153
1456194
1456195
1456196
1456197
1456198
1457104
1457105
1461100
1461105
1461107
1461108
1461109
1461110
1462106
1463101
1463102
1463103
1463104
1463105
1463106
1463113
1463114
1463115
1463116
1463117
1463118
1463180
1463181
1463203
1463211
1463226
1464123
1464135
1465100
1465101
1465102
1465103
1465104
1465105
1465111
1465112
1465131
1465133
1465136
1465143
1465145
1465146
1465147
1465148
1465177
1465501
1465502
1465551
1465552
1471105
1471106
1471108
1471109
1471110
1471111
1471112
1471113
1471114
1471115
1471116
1471117
1471118
1471119
1471120
1471122
1471123
1471124
1471125
1471126
1471129
1471130
1471133
1471135
1471136
1471137
1471138
1471139
1471140
1471141
1471142
1471143
1471144
1471145
1471146
1471147
1471149
1471150
1471151
1471152
1471153
1471154
1471155
1471156
1471157
1471158
1471159
1471160
1471161
1471164
1471171
1471172
1471173
1471174
1471175
1471176
1471177
1471178
1471179
1471180
1471181
1471182
1471183
1471184
1471185
1471186
1471190
1471191
1471193
1471195
1471197
1472100
1472101
1472102
1472104
1472105
1472106
1472107
1472108
1472109
1472110
1472111
1472112
1472113
1472114
1472115
1472117
1472118
1472119
1472121
1472122
1472123
1472124
1472125
1472126
1472128
1472131
1472132
1472133
1472134
1472135
1472148
1472153
1472193
1472194
1472195
1472196
1472197
1472198
1473101
1473102
1473103
1473104
1473105
1473106
1473107
1473108
1473109
1473110
1473111
1473112
1473113
1473114
1473116
1473118
1473119
1473120
1473121
1473122
1473123
1473124
1473125
1473162
1473163
1473164
1473165
1473168
1473180
1473183
1473191
1473221
1473223
1473601
1473602
1473603
1473604
1474100
1474101
1474102
1474103
1474104
1474105
1474106
1474107
1474108
1474109
1474110
1474111
1474112
1474113
1474114
1474115
1474116
1474117
1474118
1474119
1474120
1474121
1474123
1474124
1474125
1474126
1474184
1474187
1474188
1474189
1474190
1491100
1491101
1491102
1491103
1491104
1491105
1491106
1491107
1491108
1491109
1491110
1491111
1491112
1491113
1491114
1491115
1491116
1491117
1491118
1491119
1491120
1491121
1491122
1491123
1491124
1491125
1491126
1491127
1491128
1491129
1491131
1491132
1491133
1491134
1491135
1491136
1491138
1491139
1491140
1491141
1491142
1491143
1491144
1491147
1491148
1491150
1491152
1491159
1491160
1491169
1491170
1491199
1492100
1492103
1492104
1492105
1492106
1492107
1492108
1492109
1492110
1492111
1492112
1492113
1492114
1492115
1492116
1492117
1492118
1492119
1492120
1492121
1492122
1492123
1492126
1492137
1492141
1492142
1492143
1492144
1492145
1492146
1492147
1492148
1492149
1492151
1492152
1493161
1493162
1493163
1493164
1494100
1494157
1494165
1494166
1494167
1495101
1495102
1495103
1495104
1495105
1495135
1495150
1495151
1495152
1495153
1495154
1495155
1495157
1510101
1510102
1510103
1510104
1510105
1510106
1510107
1520702
1520703
1531102
1531103
1531104
1531106
1531107
1531108
1531109
1531110
1531111
1531115
1531116
1531117
1531118
1531119
1531120
1531121
1531122
1531123
1531151
1531153
1531154
1531155
1531156
1531157
1531158
1531159
1531160
1531163
1532100
1532101
1532107
1532108
1532109
1532111
1532112
1532113
1532114
1532115
1532116
1532117
1532118
1532119
1532120
1532121
1532122
1532123
1532124
1532125
1541100
1541101
1541102
1541103
1541104
1541105
1541106
1541107
1541108
1541109
1541110
1541111
1541114
1541115
1541118
1541119
1541120
1541121
1541122
1541123
1541124
1541126
1541127
1541128
1541131
1541132
1541134
1541135
1541136
1541137
1541138
1541139
1541140
1541141
1541142
1541143
1541144
1541145
1541146
1541147
1541151
1541152
1541153
1541154
1541156
1541157
1541159
1541161
1541162
1541163
1541164
1541165
1541166
1541167
1541168
1541169
1541170
1541171
1541172
1541173
1541174
1541176
1541177
1541182
1541183
1541184
1541185
1541186
1541189
1541191
1541192
1541193
1541194
1541195
1541196
1541197
1541198
1541199
1541601
1541602
1541603
1541604
1542101
1542102
1542103
1542104
1542125
1542129
1542130
1542137
1542138
1543100
1543101
1543102
1543139
1543141
1543148
1543149
1543181
1544100
1544101
1544102
1544103
1544154
1545100
1545101
1545102
1545106
1545107
1545109
1546101
1546103
1548100
1548101
1548102
1548104
1548107
1548109
1600201
1600202
1600203
1600204
1600205
1600206
1600207
1600208
1600209
1600210
1600211
1600212
1600213
1600214
1600215
1600216
1600217
1600218
1600231
1601201
1601202
1601203
1601204
1601205
1601206
1601207
1601208
1601209
1601210
1602102
1602109
1602110
1602111
1602201
1602202
1602203
1602204
2000203
2009201
2111200
2111202
2111203
2111204
2111205
2111206
2111207
2111208
2111209
2111210
2111211
2111212
2111213
2111214
2111215
2111216
2111217
2111218
2111219
2111220
2111221
2111222
2111223
2111224
2111225
2111226
2111227
2111228
2111229
2111230
2111231
2111232
2111234
2111235
2111236
2111237
2111238
2111240
2111241
2111242
2111244
2111246
2111248
2111250
2111251
2111252
2111254
2111256
2111257
2111258
2111280
2111281
2111299
2111502
2111503
2111504
2111552
2112201
2112202
2112203
2112204
2112205
2112206
2112207
2112209
2112210
2112212
2112214
2112216
2112218
2112222
2112226
2112229
2112231
2112232
2112259
2112260
2112261
2112262
2112263
2112264
2112265
2112266
2112267
2112268
2112269
2112296
2113204
2113205
2113206
2113207
2113208
2113209
2113210
2113211
2113212
2113213
2113214
2113237
2113238
2113239
2113240
2113241
2113242
2113243
2113245
2113291
2113292
2114201
2114202
2114203
2114204
2114206
2114208
2114209
2114211
2114214
2114218
2114219
2114220
2114221
2114222
2115202
2115204
2115205
2115206
2115208
2115209
2115210
2115211
2115212
2115214
2115249
2116201
2116202
2116203
2116204
2116205
2116206
2116208
2116209
2116210
2116218
2116283
2116284
2116285
2116286
2116287
2116288
2116289
2116290
2117201
2117202
2117222
2117223
2117224
2117225
2117226
2117227
2117228
2117229
2117230
2117231
2117232
2117234
2117235
2118201
2118203
2118204
2118205
2118206
2118207
2118208
2118221
2118224
2118264
2118276
2118277
2118278
2118279
2118280
2118284
2118286
2118501
2118551
2121202
2122201
2122204
2122205
2122206
2122207
2122208
2122209
2122210
2122211
2122212
2122213
2122214
2122215
2122219
2122220
2122221
2122222
2122223
2122224
2122225
2122226
2122232
2131201
2131202
2131203
2131204
2131205
2131206
2131208
2131209
2131211
2131240
2131241
2131242
2131243
2131244
2131245
2131246
2131247
2131248
2131249
2131250
2131251
2131257
2131258
2131264
2131265
2131501
2131551
2132201
2132202
2132205
2132206
2132207
2132208
2132209
2132210
2132211
2132212
2132213
2132214
2132225
2132226
2132227
2132228
2132229
2132230
2132231
2132235
2132240
2132241
2132242
2132243
2132244
2132245
2132246
2132247
2132502
2132552
2133202
2133203
2133204
2133206
2133208
2133209
2133210
2133211
2133212
2133213
2133214
2133216
2133217
2133218
2133219
2133220
2133221
2133222
2133223
2133224
2133225
2133226
2133228
2133230
2133232
2133234
2133236
2133260
2141201
2141202
2141203
2141204
2141205
2141206
2141207
2141208
2141209
2141210
2141213
2141219
2141220
2141234
2141248
2141249
2142206
2142208
2142209
2142210
2142221
2142222
2142223
2142224
2142225
2142226
2143201
2143202
2143203
2143205
2143211
2143212
2143213
2143214
2143215
2143216
2143217
2143218
2143228
2143229
2143230
2143231
2143232
2143235
2143246
2143247
2143250
2143251
2143253
2143254
2143256
2143259
2143261
2143265
2143267
2143269
2143270
2143272
2151201
2151202
2151203
2151204
2151205
2151206
2151207
2151208
2151209
2151210
2151211
2151212
2151213
2151214
2151215
2151216
2151218
2151219
2151220
2151221
2151222
2151224
2151225
2151227
2152226
2152227
2152228
2152229
2152230
2152231
2152232
2152233
2152234
2152235
2152237
2152238
2152239
2152241
2152242
2152243
2152245
2161201
2161202
2161203
2161204
2161205
2161206
2161207
2161208
2161209
2161501
2161551
2211202
2211203
2211204
2211208
2211210
2211211
2211218
2211219
2211235
2211236
2211237
2211238
2211274
2211275
2211288
2211290
2211291
2211292
2211293
2211294
2211295
2211296
2211297
2211298
2211299
2212201
2212202
2212203
2212204
2212205
2212206
2212207
2212208
2212209
2212214
2212215
2212216
2212217
2212218
2212219
2212237
2212238
2212239
2212240
2212244
2212245
2212285
2212286
2212290
2213201
2213202
2213203
2213204
2213205
2213206
2213207
2213208
2213209
2213210
2213211
2213213
2213216
2213220
2213221
2213222
2213223
2213234
2213236
2214201
2214202
2214203
2214204
2214205
2214206
2214207
2214208
2214210
2214212
2214214
2214238
2214239
2214241
2214242
2214243
2214244
2214247
2214248
2214249
2214250
2214251
2214260
2214261
2214262
2214263
2214264
2214265
2214280
2214289
2214291
2215201
2215202
2215203
2215204
2215205
2215206
2215207
2215208
2215209
2215210
2215211
2215220
2215221
2215222
2215223
2215224
2215225
2215226
2215227
2215228
2215229
2215230
2215231
2215232
2215233
2215235
2215252
2215253
2215254
2215255
2215257
2215259
2215274
2215275
2215280
2215281
2215282
2215283
2215284
2215299
2222201
2222202
2222203
2222204
2222205
2222206
2222207
2222208
2222209
2222214
2222215
2222216
2222218
2222220
2222221
2222222
2222223
2222224
2222225
2222226
2222227
2222228
2222233
2222234
2222235
2222268
2231201
2231202
2231203
2231204
2231205
2231206
2231207
2231208
2231209
2231210
2231211
2231212
2231213
2231214
2231216
2231217
2231218
2231219
2231220
2231221
2231222
2231230
2231231
2231232
2231233
2231234
2231235
2231237
2232201
2232203
2232204
2232205
2232208
2232209
2232210
2232211
2232212
2232213
2232215
2232216
2232217
2232218
2232219
2232220
2232221
2232223
2232224
2232226
2232227
2232228
2232229
2232230
2232231
2232232
2232233
2232235
2232236
2232237
2232238
2232239
2232240
2232280
2241201
2241202
2241203
2241204
2241205
2241206
2241207
2241208
2241209
2241210
2241211
2241214
2241215
2241216
2241217
2241218
2241219
2241220
2241221
2241234
2241237
2241238
2241280
2242207
2242208
2242209
2242210
2242212
2242222
2242223
2242224
2242225
2242226
2242227
2242228
2242229
2242230
2242231
2242233
2242234
2242235
2242236
2242237
2252201
2252202
2311201
2311202
2311203
2311204
2311205
2311206
2311207
2311208
2311209
2311210
2311211
2311212
2311213
2311214
2311215
2311216
2311220
2312201
2312216
2312217
2312218
2312219
2313201
2313202
2313203
2313204
2313205
2313206
2313210
2313211
2314201
2314202
2314203
2314204
2314205
2314206
2314220
2314221
2314222
2314223
2314224
2314225
2314226
2315215
2321201
2321202
2321203
2321212
2321213
2321214
2321215
2321216
2321217
2321218
2321219
2321220
2321221
2321222
2321223
2321224
2321225
2321226
2321227
2321249
2321256
2321257
2321258
2321259
2321260
2321261
2321262
2322201
2322202
2322204
2322205
2322206
2322207
2322208
2322210
2322211
2322212
2322216
2322229
2322230
2322231
2322232
2322234
2322235
2322236
2322237
2322238
2322239
2322240
2322247
2322248
2322250
2322294
2322295
2322296
2323207
2323208
2323209
2323210
2323211
2323213
2323214
2323240
2323247
2323248
2323250
2323251
2323252
2323253
2331200
2331201
2331202
2331203
2331204
2331205
2331206
2331209
2331210
2331211
2332211
2411201
2411202
2411203
2411204
2411205
2411206
2411207
2411220
2411222
2411223
2411224
2411225
2411239
2411240
2411249
2411250
2411251
2411252
2411253
2411254
2411255
2411257
2411258
2411259
2411264
2412201
2412202
2412204
2412207
2412221
2412222
2412223
2412224
2412225
2412226
2412227
2412228
2412229
2412230
2412231
2412232
2412233
2412234
2412235
2412236
2412237
2412238
2412258
2412259
2412260
2412275
2412276
2412281
2413201
2413202
2413203
2413204
2413205
2413206
2413207
2413208
2413209
2413210
2413211
2413212
2413213
2413214
2413215
2413216
2413217
2413218
2413219
2413220
2413221
2413222
2413223
2413224
2413225
2413226
2413227
2413228
2413229
2413256
2413257
2413258
2414219
2414255
2414265
2414267
2414268
2414269
2414270
2414271
2415201
2415202
2415241
2415242
2415243
2415244
2415246
2415263
2415264
2415266
2415272
2415273
2415274
2415275
2415276
2415277
2415278
2415279
2415280
2421201
2421202
2421203
2421204
2421205
2421206
2421207
2421208
2421209
2421210
2421211
2421212
2421213
2421214
2421216
2421217
2421218
2421219
2421220
2421222
2421223
2421224
2421225
2421226
2421227
2421228
2421229
2422201
2422202
2422211
2422212
2423201
2423202
2423203
2423204
2423205
2423207
2423210
2423211
2423213
2423214
2423215
2423219
2423220
2423228
2431201
2431203
2431213
2431214
2431233
2431234
2431235
2431236
2431237
2431238
2431239
2431240
2431251
2431252
2431253
2431254
2431255
2431256
2431257
2431258
2431260
2432201
2432202
2432203
2432204
2432205
2432206
2432207
2432209
2432210
2432215
2432217
2432218
2432219
2432220
2432221
2432222
2432223
2432224
2432226
2432227
2432228
2432229
2432231
2432232
2432240
2432262
2433207
2433209
2433210
2433211
2433212
2433214
2433246
2434201
2434202
2434203
2434204
2434205
2434206
2434207
2434208
2434209
2434211
2434212
2434213
2434214
2434225
2434227
2434228
2434229
2434230
2434231
2434232
2434233
2434244
2434245
2434246
2434250
2434301
2434302
2441201
2441202
2441203
2441204
2441205
2441206
2441208
2441228
2441233
2441234
2441235
2441236
2441240
2441241
2441242
2441243
2441244
2441245
2441246
2442201
2442202
2442204
2442205
2442206
2442207
2442208
2442210
2442211
2442230
2442231
2442232
2442235
2443201
2443212
2443213
2443214
2443215
2443216
2443217
2443218
2443219
2443220
2443221
2443226
2443227
2443228
2443229
2443282
2451203
2451204
2451205
2451206
2451207
2451208
2451209
2451210
2451211
2451212
2451213
2451214
2451215
2451216
2451217
2451218
2451219
2451220
2451222
2511201
2511202
2511203
2511204
2511205
2511206
2511208
2511209
2511210
2511211
2511212
2511213
2511214
2511216
2511217
2511218
2511224
2511229
2511230
2511233
2511234
2511235
2511236
2511237
2511238
2511239
2511240
2511241
2511242
2511245
2511246
2511501
2511551
2512207
2512208
2512213
2512214
2512215
2512216
2512217
2512218
2512219
2512220
2512226
2512228
2512230
2512231
2512232
2512233
2512234
2512237
2512239
2512251
2521201
2521202
2521203
2521204
2521205
2521206
2521207
2521210
2521220
2521501
2521551
2522202
2522203
2522207
2522208
2522209
2522210
2522211
2522215
2522216
2522217
2522218
2522220
2522221
2522222
2522223
2522224
2522225
2522226
2522228
2522230
2611201
2611202
2611203
2611204
2611205
2611206
2611207
2611208
2611209
2611215
2611234
2611235
2611243
2611248
2611249
2611250
2611251
2611252
2611254
2611255
2611256
2611257
2611258
2611260
2611261
2611262
2611263
2611264
2611266
2611267
2611268
2611270
2611271
2611289
2611502
2611552
2612201
2612219
2612220
2612221
2612222
2612223
2612224
2612225
2612226
2612266
2612269
2612501
2612551
2613000
2613001
2613003
2613004
2613007
2613008
2613009
2613011
2613205
2613215
2613216
2613217
2613218
2613221
2613240
2613241
2613242
2613243
2613244
2613253
2613263
2613271
2613273
2613274
2613275
2614226
2614227
2614237
2614245
2614246
2614256
2614257
2614258
2614259
2614260
2614286
2615215
2615216
2615230
2615233
2615236
2615239
2621202
2621203
2621204
2621205
2621206
2621207
2621208
2621209
2621210
2621211
2621212
2621215
2621216
2621217
2621218
2621219
2621220
2621221
2621222
2621223
2621224
2621225
2621226
2621227
2621228
2621230
2621231
2621232
2621233
2621234
2621235
2621236
2621237
2621238
2621239
2621246
2622201
2622202
2622204
2622205
2631201
2631202
2631203
2631204
2631205
2631206
2631217
2631218
2631219
2631269
2631280
2631281
2631287
2632202
2632210
2632211
2632232
2632233
2632234
2632235
2632236
2632237
2632238
2632239
2632240
2632241
2632242
2632243
2632245
2632246
2632247
2632248
2632249
2632250
2632251
2632252
2632253
2632254
2632257
2632258
2632259
2632260
2632261
2632262
2632271
2632273
2633201
2633202
2633204
2633205
2633220
2633222
2633231
2633258
2633259
2634201
2634203
2634207
2634208
2634209
2634210
2634211
2634212
2634213
2634214
2634215
2634260
2634261
2634262
2634263
2634264
2634265
2634270
2634272
2634274
2634275
2634276
2634277
2634278
2634279
2635222
2635223
2635224
2635225
2635226
2635264
2635265
2635266
2635267
2641211
2641212
2641213
2641214
2641217
2641218
2642201
2642202
2642203
2642204
2642205
2642206
2642207
2642208
2642209
2642210
2642237
2642238
2642239
2642240
2642245
2642246
2642261
2642262
2642267
2642268
2642275
2642276
2642277
2642278
2642279
2642280
2642284
2642285
2643201
2643202
2643203
2643204
2643205
2643206
2643210
2643215
2643216
2643217
2643218
2643219
2643220
2643221
2643222
2643223
2643224
2643225
2643226
2643227
2643228
2643229
2643233
2643234
2643241
2643242
2643243
2643244
2643269
2643270
2643271
2643272
2643273
2643274
2643275
2643276
2643280
2643281
2643282
2643283
2644201
2644203
2644204
2644230
2644231
2644232
2644247
2644248
2644249
2644250
2644251
2644252
2644253
2644254
2644255
2644256
2644257
2644258
2644259
2644260
2644263
2644264
2644265
2644266
2645201
2645202
2711202
2711203
2711266
2711267
2711268
2711269
2711270
2711271
2711274
2711275
2711276
2711277
2711281
2712000
2712002
2712201
2712202
2712203
2712204
2712205
2712206
2712207
2712208
2712209
2712210
2712211
2712212
2712215
2712216
2712217
2712219
2712220
2712221
2712222
2712223
2712224
2712258
2712259
2712260
2712261
2712262
2712263
2712264
2712265
2713201
2713202
2713203
2713204
2713205
2713206
2713207
2713208
2713216
2713217
2713218
2713219
2713220
2714201
2714202
2714203
2714204
2714205
2714206
2714207
2714208
2714209
2714210
2714211
2714217
2714218
2714219
2714220
2714221
2714222
2714224
2714225
2714226
2714227
2714229
2714230
2714232
2714233
2714244
2714245
2714246
2714252
2714253
2714254
2714255
2714278
2714279
2714286
2714287
2714288
2714295
2714296
2714297
2714298
2714299
2715201
2715210
2715213
2715214
2715215
2715229
2715230
2715231
2715232
2715233
2715234
2715235
2715236
2715237
2715238
2715239
2715240
2715241
2715247
2715249
2715250
2715251
2715289
2715293
2715294
2715295
2721201
2721202
2721203
2721204
2721205
2721206
2721207
2721208
2721209
2721210
2721211
2721212
2721213
2721276
2721284
2721285
2721294
2722211
2722212
2722213
2722214
2722215
2722216
2722217
2722218
2722219
2722220
2723210
2723211
2723229
2723230
2723231
2723232
2723233
2723234
2723235
2723236
2723237
2723238
2723239
2723240
2723241
2723242
2723244
2723248
2723277
2723278
2723283
2723290
2723291
2723292
2723293
2724201
2724202
2724208
2724209
2724250
2724251
2724252
2724253
2724254
2724255
2724257
2724270
2724279
2724280
2724281
2724283
2724285
2725221
2725222
2725223
2725224
2725225
2725226
2725227
2725228
2988208
3010501
3010551
3170201
3170202
3170203
3170204
3170205
3170206
3170207
3170208
3170209
3170210
3170211
3170212
3170213
3170214
3170215
3170216
3170217
3170218
3170219
3170220
3170221
3170222
3170223
3170224
3170225
3170226
3170227
3170228
3170229
3170230
3170231
3170232
3170233
3170234
3170235
3170236
3170237
3170239
3170240
3170241
3170243
3170244
3170245
3170246
3170247
3170248
3170249
3170250
3170251
3170252
3170253
3170254
3170255
3170256
3170257
3170258
3170259
3170260
3170261
3170262
3170264
3170266
3170267
3170268
3170270
3170272
3170274
3170278
4100201
4100202
4100203
4100204
4100206
4100207
4100208
4100209
4100210
4100211
4100212
4100213
4110201
4110202
4110203
4110209
4110210
4110211
4110212
4120201
4120202
4120203
4120204
4120205
4120206
4120207
4120208
4120209
4120210
4120211
4120212
4120213
4120214
4120215
4120216
4120217
4120218
4120219
4120220
4120221
4120222
4120223
4120224
4120225
4120226
4120227
4120228
4120286
4120288
4120289
4120290
4120291
4120294
4120295
4120296
4120297
4120298
4120299
4130201
4130202
4130203
4130204
4130205
4130206
4130207
4130208
4130209
4130210
4130211
4130212
4130213
4130214
4130215
4130216
4130217
4130218
4130219
4130220
4130221
4130225
4130226
4130227
4130228
4130229
4130230
4130298
4140201
4140202
4140203
4140204
4140205
4140206
4140207
4140208
4140209
4140210
4140211
4140212
4140213
4140214
4140215
4140216
4140217
4140218
4140219
4140220
4140221
4140222
4140225
4140226
4140227
4140228
4140229
4140230
4140231
4140232
4140233
4140234
4140235
4140236
4140237
4140238
4140239
4140240
4140241
4140242
4140243
4140244
4140245
4140246
4140247
4140248
4140249
4140250
4140252
4140253
4140254
4140255
4140297
4150201
4150202
4150203
4150204
4150205
4150206
4150207
4150208
4150209
4150210
4150211
4150212
4150213
4150214
4150215
4150216
4150217
4150218
4150219
4150220
4150221
4150222
4150223
4150224
4150225
4150226
4150227
4150228
4150229
4150230
4150231
4150232
4150233
4150235
4150237
4150239
4150240
4150241
4150242
4150245
4150247
4150249
4150252
4150255
4150259
4150260
4150261
4150263
4150264
4150265
4150266
4150267
4150268
4150269
4150296
4150297
4150298
4150501
4150502
4150551
4150552
4160201
4160202
4160203
4160204
4160205
4160206
4160207
4160208
4160209
4160210
4160211
4160212
4160213
4160214
4160215
4160216
4160217
4160218
4160219
4160220
4160221
4160222
4160223
4160224
4160225
4160226
4160227
4160228
4160229
4160299
4170201
4170202
4170203
4170204
4170205
4170206
4170207
4170208
4170209
4170210
4170211
4170212
4170213
4170214
4170215
4170216
4170217
4170218
4170219
4170220
4170222
4170223
4170224
4170225
4170226
4170227
4170228
4170230
4170231
4170232
4170233
4170234
4170236
4170237
4170238
4170239
4170240
4170242
4170243
4170244
4170245
4170246
4170247
4170248
4170250
4170251
4170252
4170258
4170260
4170261
4170262
4170266
4170267
4170268
4170269
4170274
4170275
4170277
4170278
4170281
4170282
4170298
4170299
4170501
4170502
4170551
4170552
4180201
4180202
4180203
4180204
4180205
4180206
4180207
4180208
4180209
4180210
4180211
4180212
4180213
4180214
4180215
4180216
4180217
4180218
4180219
4180220
4180221
4180222
4180223
4180224
4180225
4180226
4180227
4180228
4180230
4180231
4180232
4200201
4200202
4200203
4200204
4200205
4200206
4200207
4200208
4200209
4200210
4200211
4200212
4200213
4200214
4210201
4210202
4210203
4210204
4210205
4210206
4210207
4210208
4210209
4210210
4210211
4210212
4210213
4210214
4210215
4210219
4210220
4210222
4210225
4210226
4210229
4210231
4210233
4210236
4210237
4210238
4210239
4210240
4210241
4210245
4210297
4210298
4210299
4220201
4220202
4220203
4220204
4220205
4220206
4220207
4220212
4220213
4220214
4220215
4220216
4220217
4220218
4220219
4220225
4220226
4220232
4220233
4220234
4220235
4230203
4230204
4230205
4230206
4230207
4230208
4230209
4230211
4230212
4230213
4230214
4230215
4230216
4230217
4230218
4230219
4230220
4230221
4230222
4230223
4230224
4230226
4230227
4230228
4230229
4230230
4230231
4230232
4230501
4230551
4240201
4240202
4240203
4240204
4240205
4240206
4240207
4240208
4240209
4240210
4240211
4240212
4240213
4240214
4240215
4240216
4240217
4240218
4240219
4240220
4240221
4240223
4240227
4250205
4250207
4250208
4250210
4250211
4250501
4250551
4300201
4300202
4300203
4300204
4300205
4300206
4300207
4310201
4310202
4310203
4310204
4310205
4310206
4310207
4310208
4310209
4310210
4310211
4310212
4310213
4310214
4310215
4310216
4310217
4310218
4320201
4320202
4320203
4320204
4320205
4320206
4320207
4320208
4320209
4320210
4320211
4320212
4320213
4320214
4320215
4320216
4320217
4320218
4320220
4330201
4330202
4330203
4330205
4330206
4330207
4330208
4330209
4330210
4330211
4330212
4330213
4330214
4330215
4330216
4330217
4330218
4330219
4330220
4330221
4330222
4330223
4330225
4330294
4330296
4330297
4330298
4330299
4340201
4340202
4340203
4340204
4340205
4340206
4340207
4340208
4340209
4340210
4340211
4340212
4340213
4340214
4340215
4340216
4340217
4340220
4340221
4400203
4400204
4400205
4400206
4400207
4400208
4400209
4400210
4400211
4400212
4400213
4400214
4400215
4400216
4400217
4400218
4400219
4400222
4400230
4400231
4400232
4400233
4400234
4400236
4400237
4400298
4400299
4410201
4410202
4410203
4410204
4410205
4410206
4410207
4410208
4410209
4410210
4410211
4410212
4410213
4410214
4410215
4410216
4410217
4410223
4410224
4410225
4410226
4410227
4410228
4410229
4410230
4410232
4410237
4410238
4410239
4410240
4410241
4410242
4410243
4410244
4410245
4410246
4410247
4410248
4410250
4410251
4410252
4410253
4410254
4410255
4410256
4410257
4410258
4410262
4410263
4410292
4410296
4410297
4410298
4410299
4500201
4500202
4500203
4500204
4500205
4500206
4500209
4500210
4500213
4500214
4500216
4500217
4500218
4500219
4500221
4500222
4500223
4500224
4510201
4510202
4510203
4510204
4510205
4510206
4510207
4510208
4510209
4510210
4510211
4510212
4510213
4510214
4510215
4510216
4510219
4510220
4510221
4510222
4510223
4510224
4510225
4510226
4510227
4510228
4510229
4510230
4510231
4510232
4510233
4510234
4510235
4510236
4510237
4510238
4510239
4510240
4510244
4510245
4510246
4510247
4510248
4510249
4510250
4510251
4510253
4510254
4510255
4510258
4510263
4510264
4520207
4520208
4520209
4520210
4520212
4520213
4520214
4520215
4520216
4520219
4520220
4520221
4520222
4520223
4520224
4520225
4520226
4520227
4520228
4520229
4520231
4520232
4520233
4520234
4520235
4520237
4520238
4520239
4520240
4520241
4520244
4520245
4520246
4520247
4520248
4520250
4520253
4520255
4520256
4520257
4520258
4520259
4520260
4520261
4520262
4520263
4520265
4520266
4520267
4520268
4520299
4520501
4520551
4530201
4530202
4530203
4530204
4530205
4530208
4530210
4530212
4530213
4530214
4530215
4530216
4530217
4530221
4530222
4530223
4530224
4530225
4530227
4530229
4530231
4530232
4530233
4530234
4530235
4530236
4530237
4530238
4530240
4530241
4530243
4530244
4530245
4530246
4530247
4530248
4530249
4530251
4530252
4530253
4530254
4530255
4530256
4530501
4530551
4600201
4600203
4600204
4600205
4600206
4600207
4600208
4600209
4600210
4600211
4600212
4600213
4600214
4600215
4600216
4600217
4600501
4600551
4610203
4610207
4610208
4610209
4610210
4610211
4610213
4610214
4610215
4610218
4610219
4610220
4610221
4610222
4610224
4610225
4610226
4610227
4610228
4610231
4610232
4610233
4610236
4610237
4610238
4610239
4610245
4610246
4610247
4610248
4610249
4610250
4610251
4610252
4610253
4610254
4610255
4610501
4610551
4620201
4620202
4620203
4620204
4620205
4620206
4620207
4620208
4620209
4620211
4620212
4620217
4620218
4620222
4620223
4620224
4620225
4620226
4620227
4620228
4620229
4620231
4620298
4620299
4630201
4630202
4630203
4630204
4630205
4630206
4630207
4630208
4630209
4630210
4630211
4630212
4630214
4630215
4630216
4630218
4630219
4630220
4630221
4630222
4630223
4630224
4630225
4630226
4630227
4640201
4640202
4640203
4640204
4640206
4640207
4640208
4640209
4640210
4640211
4640212
4640213
4640214
4640215
4640216
4640217
4640218
4640219
4640220
4640221
4640222
4640223
4640224
4640225
4640226
4640230
4640232
4640290
4640291
4640292
4640293
4640294
4640295
4650201
4650202
4650203
4650204
4650205
4650206
4650207
4650208
4650209
4650210
4650211
4650212
4650213
4650214
4650217
4650218
4650219
4650220
4650221
4650222
4650223
4650224
4650225
4650226
4650227
4650228
4650230
4660201
4660202
4660203
4660204
4660205
4660206
4660207
4660208
4660209
4660210
4660211
4660212
4660213
4660214
4660215
4660216
4660217
4660218
4660219
4660220
4660221
4660222
4660223
4660229
4660294
4660296
4660297
4660298
4660299
4670201
4670202
4670204
4670205
4670206
4670207
4670208
4670209
4670210
4670211
4670212
4670213
4670214
4670215
4670216
4670217
4670218
4670219
4670220
4670221
4680202
4680203
4680204
4680205
4680206
4680207
4680208
4680209
4680210
4680211
4680212
4680217
4680218
4680219
4680220
4680221
4680222
4680223
4680224
4680225
4680226
4680227
4680228
4680229
4680230
4680231
4680232
4680233
4680234
4680235
4680236
4680237
4680238
4680239
4680240
4680241
4680242
4680243
4680245
4680246
4680247
4680248
4680249
4680250
4680251
4680252
4680253
4680254
4680258
4680259
4680299
4690201
4690203
4690204
4690205
4700201
4700202
4700203
4700205
4700206
4700207
4700208
4700209
4700210
4700212
4700213
4700214
4700215
4700216
4700217
4700219
4700222
4700223
4700224
4700225
4700226
4700227
4700228
4700229
4700230
4700231
4700232
4700233
4700234
4700501
4700551
4710201
4710202
4710203
4710204
4710205
4710206
4710207
4710208
4710209
4710215
4710216
4710217
4710218
4710219
4710220
4710221
4710222
4710223
4710225
4710226
4710227
4710228
4710229
4710231
4710238
4710239
4710240
4710241
4720201
4720202
4720203
4720204
4720205
4720206
4720207
4720208
4720209
4720210
4720211
4720212
4720213
4720214
4720215
4720216
4720217
4720218
4720219
4720220
4720222
4720223
4720224
4720225
4720227
4730201
4730202
4730203
4730204
4730205
4730206
4730207
4730208
4730209
4730210
4730211
4730212
4730296
4730297
4730298
4730299
4730501
4730551
4740201
4740202
4740203
4740204
4740205
4740206
4740207
4740208
4740209
4740210
4740211
4740212
4740213
4740214
4740215
4740216
4740217
4740218
4740219
4740220
4740221
4740222
4740223
4740224
4740225
4740226
4740227
4740229
4740230
4740231
4740232
4740233
4740234
4740235
4740237
4740501
4740551
4750201
4750202
4750203
4750204
4750205
4750206
4750207
4750208
4750209
4750210
4750211
4750212
4750213
4750214
4750215
4750216
4750217
4750219
4750220
4750221
4750222
4750299
4800201
4800202
4800203
4800204
4800205
4800206
4800208
4810201
4810202
4810203
4810204
4810205
4810206
4810207
4810208
4810209
4810210
4810211
4810212
4810213
4810214
4810215
4810216
4810217
4810219
4810220
4810221
4810222
4810223
4810224
4810225
4810226
4810227
4810228
4810230
4810231
4810232
4810238
4810239
4810240
4810241
4810242
4810243
4810244
4810245
4810246
4810247
4810248
4810298
4810299
4810501
4810551
4820201
4820202
4820203
4820204
4820205
4820206
4820207
4820208
4820210
4820211
4820213
4820214
4820218
4820219
4820222
4820223
4820224
4820225
4830201
4830202
4830203
4830204
4830205
4830206
4830207
4830209
4830210
4830211
4830212
4830213
4830214
4830215
4830216
4830218
4830219
4830220
4830221
4830222
4830223
4830295
4830297
4830298
4830299
4840202
4840203
4840205
4840206
4840207
4840208
4840209
4840210
4840211
4840212
4840215
4840216
4840217
4840218
4840219
4840220
4840221
4840222
4840223
4850201
4850202
4850203
4850204
4850205
4850206
4850207
4850208
4850209
4850210
4850211
4860201
4860202
4860203
4860204
4860205
4860206
4860207
4860208
4860209
4860211
4860212
4860213
4860214
4860215
4860216
4860217
4860218
4860219
4860220
4860224
4860225
4860226
4860227
4860228
4860229
4860230
4860231
4860232
4860233
4860234
4860235
4860236
4860237
4860238
4860239
4860240
4860242
4860243
4860247
4860249
4860250
4870201
4870203
4870204
4870205
4870206
4870207
4870208
4870209
4870298
4870299
4880201
4880202
4880204
4880205
4880206
4880207
4880208
4880210
4880211
4880212
4880213
4880214
4880215
4900203
4900208
4900209
4910201
4910203
4910204
4910205
4910215
4910216
4910217
4910218
4910221
4910222
4920201
4920202
4920203
4920204
4920205
4920206
4920207
4920208
4930201
4930202
4930203
4930204
4930205
4930206
4930208
4930209
4930210
4930211
4930212
4930213
4930218
4930219
4930220
4930221
4930225
4930226
4930229
4930230
4940201
4940202
4940203
4940204
4940205
4940206
4940207
4940208
4940209
4940210
4940211
4940212
4940213
4940214
4940215
4940216
4940217
4940218
4940219
4940220
4940221
4940222
4940223
4940224
4940225
4940226
4940227
4940228
4940229
4940230
4940231
4940232
4940292
4940293
4940294
4940295
4940296
4940297
4940298
4940299
4950201
4950202
4950204
4950205
4950206
4950207
4950209
4950211
4950212
4950213
4960201
4960202
4960205
4960206
4960207
4960208
4960211
4960212
4960213
4960214
4960215
4960216
4960217
4960218
4960219
4960220
4960221
4960222
4960223
4960224
4960225
4960226
4960227
4960229
4960230
4960234
4960235
4960238
4960239
4960240
4960241
4960294
4960295
4960296
4960298
4960299
4970201
4970203
4970204
4970205
4970206
4970207
4970208
4970210
4970211
4970212
4970213
4970214
4970215
4970216
4970217
4970218
4970219
4970220
4970221
4970222
4970223
4970224
4970225
4970226
4970227
4970228
4970231
4970232
4970233
4970234
4970235
4970236
4970237
4970296
4970297
4970298
4970299
4980201
4980202
4980203
4980204
4980205
4980206
4980207
4980208
4980209
4980210
4980211
4980212
4980213
4980214
4980216
4980217
4980218
4980219
4980220
5000201
5000202
5000203
5000204
5000205
5000206
5000219
5000220
5000223
5000225
5000226
5000227
5000228
5000229
5000230
5000244
5000245
5000246
5000247
5010201
5010503
5010504
5010505
5010506
5010509
5010510
5010511
5010512
5010553
5010554
5010555
5010556
5010559
5010560
5010561
5010562
5020501
5020502
5020503
5020551
5020552
5020553
6010201
6010202
6010203
6010204
6010205
6010206
6010207
6010208
6010209
6010210
6010211
6010212
6010213
6010214
6010216
6010217
6010218
6010219
6010220
6010221
6010223
6010224
6010225
6010501
6010502
6010503
6010504
6010505
6010506
6010507
6010508
6010551
6010552
6010553
6010554
6010555
6010556
6010557
6010558
6020201
6020202
6020207
6020208
6020209
6020210
6020213
6020214
6020215
6020216
6020217
6020218
6020219
6020220
6020222
6020223
6020224
6020226
6020227
6020228
6020229
6020230
6020231
6020234
6020235
6020238
6020239
6020240
6020241
6020244
6020249
6020250
6020251
6020252
6020253
6020254
6020255
6020256
6020257
6020258
6020259
6020260
6030201
6030202
6030206
6030209
6030210
6030211
6030212
6030213
6030214
6030215
6030217
6030218
6030222
6030223
6030224
6030225
6030226
6030227
6030228
6030232
6040200
6040201
6040202
6040203
6040204
6040205
6040206
6040207
6040208
6040209
6040210
6040211
6040212
6040213
6040214
6040215
6040216
6040217
6040218
6040219
6040220
6040221
6040222
6040223
6040224
6040225
6040226
6040227
6040228
6040231
6040232
6040233
6040234
6040235
6040236
6040237
6040238
6040239
6040241
6040242
6040243
6040244
6040245
6040246
6040247
6040248
6040249
6040250
6040251
6040252
6040253
6040254
6040255
6040256
6040257
6040258
6040259
6040260
6040261
6040262
6040269
6040270
6040271
6040272
6040273
6040274
6040275
6040276
6040277
6040278
6040279
6040280
6040281
6040282
6040284
6040285
6040287
6040288
6040289
6040290
6040291
6040292
6040293
6040295
6040296
6050201
6050202
6050203
6050204
6050205
6050206
6050207
6050208
6050209
6050210
6050211
6050212
6050213
6050214
6050215
6050217
6050219
6050220
6050250
6050251
6050252
6050253
6050254
6060201
6060202
6060203
6060204
6060205
6060206
6060207
6060208
6060209
6060212
6070201
6070202
6070203
6070204
6070205
6070206
6070207
6070208
6070209
6070210
6070211
6070212
6070213
6070214
6070215
6070216
6070217
6070218
6070219
6070220
6070221
6070222
6070223
6070224
6070225
6070226
6070227
6070228
6070229
6070230
6070231
6070232
6070233
6070234
6070235
6070236
6070237
6070238
6070239
6070241
6070243
6080201
6080202
6080203
6080204
6080205
6080206
6080207
6080208
6080209
6080210
6080211
6080212
6080213
6080214
6080215
6080216
6080217
6080218
6080219
6080220
6080221
6080222
6080223
6080224
6080225
6080226
6080227
6080228
6080229
6080230
6080231
6080232
6080233
6080234
6090201
6090202
6090203
6090204
6090205
6090206
6090207
6090208
6090209
6090210
6090211
6090212
6090213
6090214
6090215
6090216
6090217
6090218
6090219
6090220
6090221
6090222
6090223
6090224
6090225
6090226
6090227
6090228
6090229
6090230
6090231
6090232
6090233
6090234
6090235
6090236
6090237
6090238
6090239
6090240
6090241
6090242
6090243
6090244
6090245
6090246
6090248
6090249
6100201
6100202
6100203
6100205
6100206
6100207
6100208
6100209
6100210
6100211
6110203
6110204
6110205
6110206
6110207
6110208
6110209
6110210
6110211
6110212
6110213
6110214
6110215
6110216
6110217
6110218
6110219
6110220
6110221
6110222
6110223
6110224
6110225
6120201
6120202
6120203
6120204
6120205
6120206
6120207
6120208
6120209
6120210
6120211
6120212
6120213
6120214
6120215
6120216
6120217
6120218
6120219
6120220
6120221
6130201
6130202
6130203
6130204
6130205
6130206
6130207
6130208
6130209
6130210
6130211
6130212
6130213
6130214
6130215
6130216
6130217
6130218
6130219
6130220
6130221
6130222
6130223
6130224
6130226
6130228
6130229
6130230
6130231
6130232
6140206
6140207
6140212
6140213
6140214
6140215
6140216
6140217
6140218
6140219
6140220
6140221
6140222
6140223
6140224
6140225
6140226
6140227
6140228
6140229
6140230
6140231
6140232
6140233
6140234
6140235
6140236
6140237
6140238
6140239
6140240
6140241
6140242
6140243
6140244
6140245
6140246
6140248
6140249
6140250
6140251
6140252
6140253
6140254
6150211
6150212
6150214
6150215
6150216
6150217
6150218
6150219
6150220
6150221
6150222
6150223
6150224
6150225
6150226
6150227
6150228
6150229
6150230
6150231
6150232
6150235
6150236
6150237
6150239
6150240
6150241
6160203
6160204
6160205
6160206
6160207
6160208
6160209
6160210
6160211
6160212
6160213
6160214
6160216
6160217
6160220
6160221
6160226
6160228
6170201
6170202
6170203
6170204
6170205
6170206
6170207
6170208
6170209
6170210
6170211
6170212
6170213
6170214
6170215
6170216
6170217
6170218
6170219
6170220
6170221
6170222
6170223
6170224
6170226
6170227
6170228
6170229
6170230
6170233
6170234
6170237
6170238
6170239
6170240
6170243
6170245
6170247
6170248
6170249
6170252
6170253
6170254
6170256
6170262
6170263
6170264
6170266
6170269
6170272
6170275
6170277
6170279
6200201
6200202
6200203
6300201
6300202
6300204
9010204
9010205
9010206
9010207
9010208
9010209
9010210
9010211
9010212
9010213
9010214
9010215
9010216
9010217
9010218
9010219
9010220
9010221
9010222
9010223
9010224
9010225
9010226
9010229
9010230
9010231
9010232
9010233
9010234
9010235
9010236
9010237
9010238
9010239
9010240
9010241
9010242
9010243
9010244
9010245
9010246
9010247
9010255
9020202
9020205
9020207
9030213
9040201
9040202
9040203
9040204
9040205
9040206
9040207
9040208
9040209
9040210
9040211
9040212
9040213
9040214
9040215
9040216
9040217
9040218
9040219
9040220
9040222
9040223
9040224
9040225
9040226
9040227
9040228
9040229
9040230
9040501
9040502
9050201
9050203
9050204
9050205
9050206
9050207
9050208
9050209
9050210
9050211
9050212
9050213
9050214
9050215
9050216
9050217
9050218
9050222
9050224
9050225
9050226
9050227
9050229
9050230
9050231
9050232
9050233
9050234
9050235
9050236
9050237
9060201
9060202
9060207
9060208
9060209
9060210
9060211
9060212
9060213
9060214
9060215
9060216
9060218
9060219
9060221
9060222
9060223
9060224
9060225
9060226
9060229
9060230
9060231
9060232
9070202
9070204
9070205
9070208
9070209
9070210
9070211
9070212
9070213
9070214
9070215
9070216
9070218
9070219
9070220
9080201
9080202
9090201
9090202
9090207
9090210
9090211
9090212
9090213
9090214
9090215
9090216
9090217
9090218
9090219
9090220
9090221
9090223
9090228
9090229
9090230
9090233
9090501
9090502
9100201
9100202
9100203
9100204
9100205
9100208
9100209
9100210
9100211
9100212
9203202
9203203
9203204
9203205
9203206
9203207
9203208
9204201
9204202
9204203
9204204
9204205
9204206
9204207
9204208
9204209
9204210
9204211
9204212
9204213
9204214
9204215
9204216
9205201
9205202
9205203
9205204
9205209
9205210
9205211
9205212
9208201
9208202
9208203
9208204
9208205
9208206
9208207
9208208
9208209
9208210
9208211
9208212
9208213
9208214
9208216
9208217
9208219
9208220
9208221
9208222
9208223
9208224
9208225
9208226
9208230
9208231
9208232
9208233
9208237
9208238
9208239
9208240
9208241
9208242
9208243
9208245
9208246
9208247
9208248
9208249
9209201
9209202
9209203
9209204
9209205
9209206
9209207
9209208
9209209
9209210
9210203
9210204
9210205
9210206
9210207
9210208
9210209
9210210
9210211
9210212
9211201
9211202
9211203
9211204
9211205
9211206
9211207
9211208
9211209
9211210
9211211
9211212
9211213
9212201
9212202
9212203
9212204
9212205
9212206
9212207
9212208
9212209
9212210
9212211
9212212
9212213
9212214
9212215
9212216
9212217
9212218
9212219
9212220
9212221
9212222
9212223
9212224
9212225
9212226
9212227
9212228
9212229
9212230
9212231
9213203
9213204
9213206
9213207
9213210
9213212
9213213
9213215
9213216
9213217
9213218
9213219
9213220
9213221
9213222
9213223
9213224
9213225
9213226
9213227
9213228
9213229
9213232
9214201
9214202
9214203
9214204
9214205
9214206
9214208
9214209
9214212
9214213
9214216
9214217
9214218
9214219
9214220
9214221
9214222
9214223
9214224
9214225
9214226
9214227
9216201
9216202
9216203
9216204
9216205
9216206
9216207
9216208
9216209
9216210
9216211
9216212
9216213
9216214
9216219
9217201
9217202
9217203
9217204
9217205
9217207
9217209
9217210
9217212
9217213
9217214
9217215
9217217
9217218
9217219
9217220
9217221
9217222
9217223
9218203
9218204
9218207
9218209
9218210
9218211
9218212
9218214
9219201
9219202
9219203
9219204
9219205
9219206
9219207
9219210
9219211
9219212
9219215
9220203
9220204
9220205
9220206
9220207
9220208
9220209
9220210
9220211
9220212
9220213
9220214
9220215
9220217
9220218
9221201
9221203
9221204
9221205
9221206
9221207
9221208
9221209
9221210
9222201
9222202
9222203
9222204
9222205
9222206
9222210
9222211
9222212
9222213
9222218
9222219
9222221
9222222
9222223
9222224
9222225
9222226
9222227
9222228
9222229
9222230
9222231
9222232
9222234
9222235
9222238
9222239
9223201
9223202
9223203
9223204
9223205
9223206
9223207
9223209
9223210
9224201
9224202
9224203
9224204
9224205
9224206
9224207
9224208
9224209
9225201
9225202
9225203
9225204
9225205
9225206
9225207
9225208
9225209
9225210
9225211
9225212
9225213
9225214
9225215
9225216
9225217
9225218
9226201
9226202
9226203
9226204
9226205
9226206
9226207
9226208
9226209
9226210
9226211
9226212
9226213
9226214
9226215
9226216
9226217
9226218
9226219
9226220
9226221
9226222
9226223
9226224
9226225
9226226
9226227
9226228
9226229
9226230
9227202
9227203
9227204
9227205
9227206
9227207
9227208
9227209
9227210
9227211
9227212
9227213
9227214
9227215
9227216
9227217
9227218
9227219
9227220
9227221
9227222
9227223
9228201
9228202
9228204
9228205
9228206
9228207
9228208
9228209
9228210
9228211
9229201
9229202
9229203
9229204
9229205
9229206
9229207
9229208
9300201
9300202
9300203
9300204
9300205
9400201
9400202
9400203
9400204
9400205
9400208
9400209
9400210
9400211
9400212
9400214
9500200
